10001100000001110000000000000000
10001100000010000000000000000100
00000000111010000100100000100000
00000001001010000101000000100010
00000000111010000100100000011000
00000001000001110100100000011010
10101100000001110000000000001000
00001000000000000000000000000011
00010000111010001111111111111101
00100000000001110000000000001010
00000000000110110011100000100000
00001100000000000000000000000101
00011011101000000000000000000000
00101011101001110000000000000000
00101011101001110111111111111111
00100000000010000000000000001010
00100000000001110000000000000101
00000001000001110100100000101010
00000000111010000100100000101010
00101011101001110000000000000000
00101000000001111111111111111111
00011011101000000000000000000000